norm_a:1.07879563868
offset_gx:0.0245476879273
offset_gy:-0.029290777985
offset_gz:0.0216927793995
offset_mx:-0.633126020013
offset_my:-2.1304224655
offset_mz:23.0703842363